	A	R	N	D	C	Q	E	G	H	I	L	K	M	F	P	S	T	W	Y	V	B	Z	X	*
A	-100	-100	-100	-100	-100	-100	-100	-100	-100	-100	-100	-100	-100	-100	-100	-100	-100	-100	-100	-100	-100	-100	-100	-100
R	-100	100	-100	6	-7	-1	-18	19	-32	-1	-3	-18	-29	-39	22	-20	-4	17	24	34	-50	-100	-27	-100
N	-100	-100	-100	-100	-100	-100	-100	-100	-100	-100	-100	-100	-100	-100	-100	-100	-100	-100	-100	-100	-100	-100	-100	-100
D	-100	6	-100	100	8	13	21	8	-5	3	-28	-14	-12	2	-5	-23	-24	-17	-19	-12	29	-100	4	-100
C	-100	-7	-100	8	100	50	-9	-6	-10	-14	-31	-18	-15	13	18	0	-24	-7	4	-12	2	-100	-10	-100
Q	-100	-1	-100	13	50	100	-3	-4	-20	-7	-37	2	-12	4	10	18	-31	-12	-4	-5	-5	-100	-13	-100
E	-100	-18	-100	21	-9	-3	100	-2	-3	23	-18	24	16	-11	-30	-43	-20	-42	-40	-7	28	-100	35	-100
G	-100	19	-100	8	-6	-4	-2	100	-16	-11	-8	-23	-19	-3	5	3	-11	22	7	-9	-16	-100	-12	-100
H	-100	-32	-100	-5	-10	-20	-3	-16	100	-37	32	-19	0	20	-25	-5	38	5	-14	-46	6	-100	16	-100
I	-100	-1	-100	3	-14	-7	23	-11	-37	100	-14	42	26	-29	-12	-28	-34	-29	-17	42	1	-100	-9	-100
L	-100	-3	-100	-28	-31	-37	-18	-8	32	-14	100	-8	-4	-17	-16	-15	66	2	-17	-18	-26	-100	-2	-100
K	-100	-18	-100	-14	-18	2	24	-23	-19	42	-8	100	47	-7	-21	-1	-30	-36	-21	27	-4	-100	-7	-100
M	-100	-29	-100	-12	-15	-12	16	-19	0	26	-4	47	100	5	-39	1	-10	-19	-30	-7	12	-100	7	-100
F	-100	-39	-100	2	13	4	-11	-3	20	-29	-17	-7	5	100	-5	25	-14	11	-2	-27	17	-100	-1	-100
P	-100	22	-100	-5	18	10	-30	5	-25	-12	-16	-21	-39	-5	100	19	-10	-3	9	9	-20	-100	-31	-100
S	-100	-20	-100	-23	0	18	-43	3	-5	-28	-15	-1	1	25	19	100	3	21	17	-19	-6	-100	-24	-100
T	-100	-4	-100	-24	-24	-31	-20	-11	38	-34	66	-30	-10	-14	-10	3	100	8	-17	-36	-20	-100	3	-100
W	-100	17	-100	-17	-7	-12	-42	22	5	-29	2	-36	-19	11	-3	21	8	100	55	-5	-25	-100	-29	-100
Y	-100	24	-100	-19	4	-4	-40	7	-14	-17	-17	-21	-30	-2	9	17	-17	55	100	31	-16	-100	-25	-100
V	-100	34	-100	-12	-12	-5	-7	-9	-46	42	-18	27	-7	-27	9	-19	-36	-5	31	100	-16	-100	-22	-100
B	-100	-50	-100	29	2	-5	28	-16	6	1	-26	-4	12	17	-20	-6	-20	-25	-16	-16	100	-100	37	-100
Z	-100	-100	-100	-100	-100	-100	-100	-100	-100	-100	-100	-100	-100	-100	-100	-100	-100	-100	-100	-100	-100	-100	-100	-100
X	-100	-27	-100	4	-10	-13	35	-12	16	-9	-2	-7	7	-1	-31	-24	3	-29	-25	-22	37	-100	100	-100
*	-100	-100	-100	-100	-100	-100	-100	-100	-100	-100	-100	-100	-100	-100	-100	-100	-100	-100	-100	-100	-100	-100	-100	-100
